333.29
332.94
332.16
332.16
332.27
331.71
331.6
331.4
330.74
330.78
329.99
330
329.15
328.93
328.35
327.97
327.72
326.89
326.96
327.22
326.98
327.08
327.35
327.65
327.91
328.45
328.62
328.5
328.86
329.32
329.66
329.95
330.21
330.47
330.42
330.72
331.32
331.44
331.1
331.41
331.89
331.8
331.64
332.08
331.78
333.06
333.06
333.63
333.35
333.47
333.95
334.07
333.4
334.1
333.97
333.16
333.24
333.33
332.98
332.18
331.5
331.09
330.98
330.86
330.39
329.63
328.55
329.24
329.27
327.96
328
327.94
328
328.39
328.65
328.63
329.03
328.99
329.37
330.17
329.72
329.80
329.90
330
331
331.32
331.61
331.75
332.12
332.57
332.46
332.57
333.51
332.03
333.02
333.59
334.19
334.64
335.05
334.25
334.74
335.05
334.36
334.28
335.18
335.3
334.41
334.45
334.21
333.72
333.60
333.58
333.15
332.32
332.23
331.77
330.94
330.13
330.1
329.83
329.61
329.4
328.12
328.3
328.46
328.31
329.41
328.81
329.5
330.35
330.19
330.57
330.66
331.19
332.26
331.71
332.36
332.16
332.6
333.03
332.97
332.98
333.31
333.29
333.11
334.32
334.28
335.39
335.25
335.28
335.96
335.96
336.21
336.23
336.77
336.65
336.96
336.93
336.58
336.17
336.1
336.11
335.68
335.39
334.95
334.6
334.13
333.37
332.62
332.53
331.93
332.04
331.3
331.45
330.79
330.81
330.85
331.17
331.34
331.35
331.79
332.06
332.48
332.73
332.65
333.2
333.28
333.82
333.98
334.97
334.42
334.99
335.84
335.49
334.85
335.36
335.44
335.71
335.96
336.54
336.87
337.64
337.46
337.99
337.78
337.82
338.28
338.1
337.86
337.68
338.43
338.17
338.17
337.81
337.45
336.99
336.76
336.52
335.77
335.34
334.64
334.56
333.73
333.81
332.94
331.84
331.62
332.57
332.21
331.73
332.68
332.7
333.23
333.61
333.61
334.15
334.03
334.42
334.85
335.13
335.04
335.19
335.49
336.58
336.8
337.12
336.46
336.55
336.73
336.88
337.84
337.95
338.01
339.18
338.89
338.67
338.77
339.31
339.55
338.3
339.18
339.50
339.75
339.73
338.95
339.05
338.84
338.38
338
337.87
336.52
336.81
336.26
336.04
334.69
334.36
333.63
334.31
333.48
333.87
333.96
334.35
334.08
334.04
334.49
334.8
335.19
335.65
335.89
336.34
336.67
336.97
337.15
337.59
337.4
337.55
338.34
337.9
338.4
338.17
338.34
338.59
339.5
339.83
339.79
340.89
340.52
340.75
340.88
341.06
341.32
341.52
341.47
341.41
341.48
341.61
341.49
341.53
340.61
340.49
339.03
339.38
338.85
338.62
336.68
338.01
337.68
338.03
336.71
336.18
336.08
335.43
335.93
335.67
336.03
336.29
336.51
336.95
337.18
337.17
337.6
337.64
338.22
338.5
338.41
338.6
339.38
339.22
339.53
339.71
339.85
340.72
340.22
341.25
341.02
340.97
341.44
342.5
342.3
342.76
342.67
342.55
342.61
343.09
343.03
342.91
342.98
342.87
342.83
342.44
342.02
341.49
341.29
340.56
340.51
339.97
339.29
338.97
338.05
337.51
337.6
337.27
336.96
336.54
336.16
336.64
337.05
337.47
337.8
338.13
338.2
338.34
339.17
340.09
339.63
339.56
340.01
340.45
340.58
340.73
340.89
341.6
341.83
341.54
341.34
341.86
342.65
342.6
342.64
343.48
342.9
343.38
343.50
343.70
344.84
344.15
344.9
344.78
344.89
343.99
344.03
344.06
343.52
343.24
342.84
342.13
342.07
341.66
340.97
340.51
340.5
338.91
339.23
339.02
338.75
337.45
337.54
337.85
338.16
338.22
339.38
338.93
339.25
339.24
340.25
339.85
340.65
340.81
341.26
341.43
341.49
342.1
341.38
341.68
342.16
342.7
343.1
343.05
342.56
342.43
343.96
345.18
344.23
344.67
344.94
345.67
345.88
345.71
345.78
346.31
345.96
345.89
346.02
345.72
345.24
344.85
345.16
344.15
343.92
343.37
342.36
342.63
342.13
342.24
341.17
339.87
339.98
340.23
340.22
339.88
340.14
340.53
340.62
340.9
341.27
341.53
341.66
342.26
342.44
342.89
343.45
343.68
344
343.74
343.95
344.33
344.57
344.85
344.65
344.99
344.83
345.17
345.29
345.65
346.17
346.20
346.30
346.40
346.50
347.62
346.85
348.02
347.33
347.48
347.18
347.31
346.84
346.49
346.23
346.03
345.58
344.82
344.5
344.41
343.1
342.29
342.27
341.15
341.45
341.55
341.14
341.42
341.29
341.63
341.9
342.09
342.61
343.02
343.33
343.9
344.01
344.53
344.78
344.86
345.04
345.36
345.27
345.12
345.61
345.87
345.66
346.31
346.66
347.31
347.55
347.67
348.19
348.46
348
347.83
348.28
348.94
349.1
349.13
348.6
348.91
349.01
348.34
348.29
347.95
347.2
346.96
346.91
346.37
345.54
345.03
344.43
344.66
344.72
344.07
343.67
343.05
342.3
342.29
342.88
342.95
343.5
343.68
343.71
344.32
344.64
345.16
345.29
345.91
345.77
345.96
346.6
346.52
346.36
346.79
346.49
346.72
347.11
347.4
347.43
346.83
347.4
348.56
349.25
348.99
349.79
349.53
350.08
350.71
350.5
350.54
350.62
350.32
350.36
350.09
349.91
349.48
349.06
348.43
347.77
347.83
347.27
346.62
346.14
345.69
345.78
344.39
345.22
345.67
344.54
344.73
344.15
344.36
344.37
345.23
345.45
345.9
345.79
346.25
346.86
347.04
347.05
347.54
347.5
347.87
348.83
348.5
348.55
348.51
348.18
348.85
349.28
349.23
349.17
349.94
350.32
351.35
350.94
351.06
351.62
351.54
352.43
352.13
352.04
352.17
352.14
351.81
351.34
351.45
350.51
350.22
349.79
349.74
349.79
347.95
348.52
348.32
346.72
347.21
346.56
346.67
345.68
346.27
346.65
346.68
346.88
346.82
347.41
347.49
347.98
348.8
348.84
348.75
349.22
349.36
349.8
350.13
350.22
350.5
350.79
351.68
351.35
351.27
352.13
353.09
352.4
351.52
351.79
352.85
353.24
353.53
353.5
354.42
353.91
354.17
354.19
354.54
353.87
354.23
353.74
353.3
353.25
352.84
352.7
352.91
351.9
351.22
350.78
350.7
350.88
349.65
348.9
348.99
348.9
349.19
348.87
348.69
349.28
349.42
349.75
349.82
350.1
350.45
350.65
350.9
351.46
351.52
352.22
352.42
353.15
353.13
352.62
353.24
352.78
353.36
353.43
353.75
353.33
353.34
353.99
354.74
354.61
355.37
356.04
356.29
355.76
355.69
356.09
355.98
356.14
355.62
355.27
354.98
354.9
354.75
354.44
353.58
353.24
353.19
352.57
351.18
350.58
350.51
350.86
349.49
349.52
349.92
350.24
349.87
350.28
350.66
350.64
351.23
351.6
351.72
352.03
352.43
353.08
352.84
352.97
353.55
353.5
353.9
354.01
354.31
354.65
355.05
355.13
355.09
355.57
355.77
355.42
355.91
356.09
356.1
356.11
356.84
356.83
357.55
357.21
357.29
357.33
356.89
356.18
356.09
355.8
355.99
354.99
354.14
354.97
353.94
353.29
353.18
352.59
351.72
351.1
351.11
351.61
351.26
351.3
351.42
351.53
351.65
352.25
352.6
353.13
353.41
353.55
353.78
354.5
354.24
354.49
354.61
354.45
355.09
354.91
355.4
355.24
355.74
356.24
355.58
356.9
357.59
357
357.26
358.02
357.79
358.64
359.23
359.08
358.84
359.26
359.49
358.69
358.19
358.32
358.07
357.87
357.09
356.65
355.98
355.17
355.35
354.66
354.23
353.18
352.89
353.11
352.46
351.85
351.9
351.75
352.04
352.48
352.62
352.87
353.76
353.7
353.77
354.07
354.55
354.75
355.13
355.39
356.56
355.93
356.25
356.09
356.08
356.64
356.94
356.99
357.24
356.53
357.89
358.15
358.55
358.16
358.88
359.08
359.62
359.25
359.73
358.9
358.96
360.39
360.45
359.82
358.87
358.63
358.69
357.56
356.96
356.06
355.3
354.97
355.57
355.12
354.4
353.18
354.05
352.74
352.62
352.32
353.38
353.55
353.26
353.23
354.25
353.86
354.13
354.65
354.83
355.13
355.45
356.01
356.26
357.07
357.12
356.84
356.57
357.14
356.96
357.1
357.79
358.68
358.32
358.47
357.71
358.95
358.74
359.13
359.56
359.74
359.43
360.08
360.63
360.68
359.97
359.76
359.75
359.19
358.74
357.47
358.23
357.49
356.13
356.29
355.91
354.94
354.48
355.4
353.94
353.84
353.84
354.17
354.07
353.87
354.33
354.36
354.63
355
355.55
356
356.1
356.51
356.57
357.34
357.47
358.15
358.08
358.32
358.24
358.4
358.84
358.65
359.58
358.77
358.9
360.44
360.75
360.7
361.07
361.03
361.43
362.01
361.92
361.31
361.61
361.75
361.48
360.93
360.83
360.71
360.2
359.98
359.58
359.14
358.79
358.49
357.82
357.7
356.73
356.1
355.98
355.4
355.58
355.27
355.66
355.82
356.21
356.59
356.64
357.36
358.07
357.61
358.03
358.55
359.25
358.79
359.28
359.57
359.7
360.13
360.01
360.14
360.51
360.99
360.9
361.88
361.72
361.06
361.48
362.92
363.71
362.81
363.06
363.19
363.29
363.84
364.4
363.75
363.78
363.83
363.08
362.89
362.39
362.23
362.07
361.74
361.04
360.31
359.58
358.41
358.73
358.23
357.96
358.54
358.7
357.59
357.84
357.58
357.96
358.21
358.81
359.14
359.26
359.79
359.79
360.2
360.35
360.59
361.34
361.83
362.14
361.9
362.16
362.24
362.97
362.9
363.53
363.83
364.02
363.73
364.84
364.16
364.19
364.59
364.53
364.58
364.97
364.57
365.52
365.47
365.1
364.95
365.17
365.17
364.55
364.36
363.8
363.45
363.16
362.09
362.01
361.74
361
360.77
360.35
360.19
359.05
359.17
359.17
359.43
359.63
359.49
359.95
360.22
360.84
361.35
361.19
361.57
362.12
362.44
362.29
362.76
362.94
362.91
363.38
363.19
363.53
364.23
363.79
364.85
363.78
364.16
364.61
365.13
365.73
365.93
366.1
366.51
366.85
366.65
366.81
366.98
366.35
366.01
365.9
365.34
365.19
365.08
364.62
364.44
363.81
363.63
363.14
362.63
361.16
361.38
361.46
359.82
360.36
360.06
359.7
360.6
360.6
360.99
361.22
362.04
362.14
362.52
363.08
363.79
363.98
364.29
364.72
365.05
365.26
365.19
365.04
365.24
365.83
365.52
365.71
367.01
367.13
366.28
366.89
367.67
368.56
368.37
368.51
368.32
369.53
369.68
368.49
369.81
369.94
369.65
369.02
368.76
368.72
368.2
367.8
367.77
367.78
367.32
366.87
366.24
365.53
364.88
364.32
364.56
363.72
363.5
364.1
364.04
364.26
364.52
364.56
364.95
365.4
365.9
365.84
366.57
366.64
367.13
367.24
367.61
367.73
367.96
367.8
369.07
369.06
369.08
368.55
369.09
368.03
368.98
370.33
370.43
370.94
371.68
371.31
370.25
370.53
371.36
371.09
370.21
370.58
370.79
370.79
370.23
369.76
369.73
369.93
370.18
369.06
367.92
367.69
367.32
366.59
366.13
366.1
364.37
365.21
365.05
364.67
365.09
365.17
365.6
365.63
365.96
366.52
366.76
367.07
367.48
367.83
367.86
368.12
368.68
368.7
368.82
369.79
370.1
369.24
369.54
369.73
369.37
370.08
369.89
370.57
370.98
371.06
371.29
371.85
372.42
371.87
370.91
371.7
371.42
371.98
371.86
371.91
371.73
371.77
371.24
370.24
370.13
369.87
369.23
368.91
368.57
368.35
367.65
367.51
367.18
367.08
366.61
366.57
366.63
366.68
366.89
367.44
367.84
368.04
368.53
368.39
368.75
369.62
369.67
369.64
369.83
370.06
370.28
370.75
370.26
371.37
371.46
371.76
371.62
371.6
372.24
372.64
372.56
372.74
372.45
373.59
373.7
373.61
373.82
373.93
373.44
373.92
373.86
373.45
372.95
373.11
373.03
372.48
371.37
371.78
370.9
370.85
369.9
369.4
369.37
369.23
368.43
368.57
368.02
367.61
368.03
368.24
368.16
368.72
369.07
369.08
369.76
370.04
370.4
370.76
371.29
371.27
371.38
372.23
372.16
372.49
372.55
372.75
372.56
372.89
373.22
373.87
373.51
374.12
374.22
374.04
374.3
374.5
375.14
375.42
375.94
375.24
375.14
375.99
376.2
375.86
375.45
375.41
375.28
374.8
374.47
374.06
373.21
373.41
372.59
371.91
371.48
370.58
370.27
371.66
370.65
370.42
369.81
369.9
371.16
370.67
371.01
371.99
371.84
372.57
372.68
373.01
373.59
373.54
374.25
374.68
374.59
374.96
375.19
375
375.12
375.22
376.33
375.91
376.18
376.42
376.34
376.99
376.88
377.09
377.77
378.37
378.6
377.93
377.81
379.51
378.75
378.36
378.49
377.96
378.14
377.66
376.68
376.85
376.36
376.07
374.99
374.68
373.74
373.52
373.33
373.05
372.95
373.35
373.29
372.86
372.74
373.4
373.37
373.85
374.56
374.81
375.28
375.29
375.67
376.24
376.18
376.34
376.33
376.92
377.1
377.9
377.88
378.7
377.53
377.58
378.21
378.6
379.08
378.36
379.66
380.2
380.74
380.52
380.61
380.71
380.69
380.43
380.96
380.03
379.88
379.46
379.35
379.14
378.38
377.82
376.69
377
376.86
376.43
375.98
376.3
373.91
374.21
374.05
374.4
374.28
373.98
374.21
374.57
374.95
375.31
375.42
376.07
376.63
376.73
377.35
377.24
377.75
377.85
378.14
378.58
378.31
378.64
379.4
379.2
380.17
379.97
381.27
380.85
381.27
380.18
382.49
382.24
381.96
382.1
382.45
381.97
382.07
382.6
382.98
382.79
382.58
382.42
381.93
381.39
381.14
381.14
380.71
380.1
379.97
378.77
378.88
377.89
377.9
377.12
376.4
376.1
376.46
376.63
376.92
377
377.48
377.67
377.94
378.6
378.46
378.89
379.56
379.98
380.16
380.47
381.24
381.13
381.48
381.59
381.58
382.37
382.56
381.89
382.06
382.9
382.88
382.89
382.42
384.45
385
384.84
384.76
384.87
385.13
385.2
384.85
384.58
384.48
384.33
383.75
383.4
383.07
382.74
381.77
381.98
381.51
380.61
380.48
379.89
379.53
379
379.11
378.66
378.82
378.85
379
378.94
379.48
379.63
379.74
379.98
380.49
381.22
381.42
381.45
382.17
382.18
382.11
382.91
382.36
383.6
383.85
383.22
384.74
384.36
384
383.42
384.38
384.99
385.49
385.85
385.39
387.16
386.89
386.52
386.24
386.66
386.67
386.86
386.84
386.38
385.66
385.15
385.36
385
384.34
383.78
383.01
382.28
381.86
382.19
380.97
381.45
380.51
381.01
380.84
380.82
381.07
380.93
381.35
381.73
381.99
382.27
382.94
382.81
383.56
383.73
384.22
383.98
384.77
384.39
385.61
385.94
386.61
385.98
385.94
385.44
385.13
385.88
385.6
385.74
386.73
387.96
387.11
386.34
387.28
386.97
388.4
388.87
388.89
388.56
388.59
387.91
387.88
387.29
387.10
387
386.5
386.24
385.03
385.04
384.25
384.05
383.22
383.46
382.98
383.08
383.07
382.68
382.88
382.84
383.06
383.87
383.77
384.05
384.33
384.37
384.94
385.36
385.55
385.91
386.25
386.38
387.04
387.08
387.5
387.11
386.96
387.41
388.23
389.02
388.77
388.13
389.11
389.04
389.52
388.89
389.34
390.2
389.84
390.15
390.34
390.65
389.94
390.19
389.29
388.43
388.68
388.44
388.01
387.6
386.62
387.02
385.76
385.51
385.68
384.82
384.95
384.8
384.89
383.84
383.88
384.39
384.7
385.01
385.35
385.68
386.28
386.4
386.94
386.84
386.84
388.37
388.15
388.06
388.27
388.34
388.97
389.63
390.53
390.12
389.3
390.95
391.33
391.48
390.55
390.93
391.38
392.86
393.35
393.14
392.93
392.68
393.42
392.92
393.3
392.89
391.71
391.6
391.15
390.72
390.02
390.03
389.74
388.88
388.82
388.43
387.32
387.51
386.17
387.1
386.78
386.77
386.91
386.85
387.38
387.76
387.99
388.04
388.61
389.47
389.52
389.79
389.43
389.99
389.9
391.83
390.9
390.57
391.41
392.02
391.44
391.61
392.03
392.01
391.46
392.38
392.84
393.85
393.25
392.89
393.49
393.76
394.07
393.03
394.81
394.99
394.14
393.52
393.81
393.47
393.44
393.53
392.79
391.44
391.83
391.15
390.53
390.37
389.49
389.43
388.92
389.17
389.08
388.64
388.75
388.72
389.02
389.2
389.58
389.85
390.38
390.49
391.02
391.42
392.05
392.13
392.1
392.97
393.31
392.96
393.38
393.03
392.23
393.52
394.84
394.02
393.56
394.27
394.78
395.24
395.29
396.52
396.17
396.61
396.9
397.13
397.05
396.32
396.4
395.47
396.26
395.74
395.6
394.97
394.39
394.29
393.98
393.36
393.27
392.45
391.48
391.79
391.71
390.86
390.76
390.85
390.77
390.94
390.83
391.3
391.36
392.12
393.21
393.18
393.5
393.66
394.35
394.37
394.77
394.89
395.54
395.67
395.77
395.76
396.67
396.65
397.11
396.82
397.09
396.81
397.46
397.95
398.08
397.59
398.02
398.97
399.55
399.5
399.7
399.91
400.01
399.2
398.49
398.12
398.62
398.09
397.73
396.86
396.65
396.78
395.74
395.05
394.9
394.2
393.86
393.44
393.47
393.35
393.21
393.32
393.69
393.95
394.2
394.45
395.38
394.85
395.96
396.28
396.13
397.23
397.28
397.4
398.1
397.68
398
397.8
397.95
397.8
398.05
397.72
398.36
399.46
400.69
399.86
400.6
401.28
401.56
401.33
402.15
401.94
401.79
401.77
401.69
401.88
401.27
401.05
400.82
400.21
399.86
398.82
398.54
397.74
397.79
397.17
396.84
396.47
396.35
395
394.85
395.43
395.41
395.53
395.62
395.9
397.16
396.76
397
397.36
397.9
398.21
399
399.11
398.88
399.67
399.85
400.16
399.51
400.2
400.23
399.95
399.93
401.12
401.28
402.04
400.78
401.77
401.96
403.44
404.04
403.07
403.8
404.13
403.96
403.97
403.81
403.21
403.24
402.39
402.7
402.17
401.73
401.39
401.25
400.21
398.36
399.19
399.14
398.85
398.49
397.77
397.24
397.33
397.2
398.37
398.18
398.52
398.48
399.06
400.43
400.35
400.37
400.8
401.31
402.35
402.6
402.07
402.11
402.48
402.57
403.11
404.55
403.82
403.62
404.35
404.01
403.97
404.74
405.48
405.42
406.57
408.69
407.42
407.79
407.54
407.84
407.29
408.31
407.53
406.86
407.2
406.64
405.97
405.57
404.48
403.39
403.83
403.47
402.88
401.85
401.97
400.98
400.97
401.33
400.87
400.72
400.91
